5 + 1 + 3 + 3
dt <- c(1, 3, 4, 5, 7,)

